Epoch,Accuracy
1,18.12
2,23.5
3,38.93
4,46.46
5,44.97
6,49.93
7,54.27
8,56.34
9,55.64
10,58.29
11,59.12
12,62.72
13,62.77
14,63.66
15,63.32
16,63.44
17,65.35
18,65.64
19,65.43
20,65.74
21,66.1
22,66.53
23,66.88
24,66.74
25,67.48
26,67.78
27,67.8
28,67.98
29,68.13
30,68.22
31,68.27
32,68.3
33,68.24
34,68.33
35,68.44
36,68.38
37,68.58
38,68.65
39,68.75
40,68.85
41,69.01
42,69.04
43,69.09
44,69.1
45,69.14
46,69.12
47,69.25
48,69.45
49,69.55
50,69.48
51,69.51
52,69.75
53,69.75
54,69.67
55,69.95
56,70.15
57,70.12
58,70.17
59,70.1
60,70.41
61,70.25
62,70.46
63,70.43
64,70.42
65,70.27
66,70.4
67,70.41
68,70.43
69,70.33
70,70.26
71,70.36
72,70.47
73,70.34
74,70.29
75,70.41
76,70.26
77,70.36
78,70.43
79,70.27
80,70.23
