Epoch,Accuracy
1,20.89
2,26.95
3,41.6
4,53.84
5,58.25
6,57.28
7,59.78
8,60.62
9,67.06
10,71.04
11,72.48
12,73.32
13,72.48
14,74.44
15,75.83
16,76.07
17,75.78
18,75.96
19,76.48
20,77.17
21,76.91
22,77.3
23,77.42
24,78.4
25,78.68
26,78.8
27,78.89
28,78.9
29,79.15
30,79.18
31,79.1
32,79.39
33,79.42
34,79.45
35,79.45
36,79.39
37,79.46
38,79.53
39,79.5
40,79.76
41,79.94
42,80.04
43,80.15
44,80.09
45,80.16
46,80.34
47,80.37
48,80.29
49,80.5
50,80.47
51,80.5
52,80.58
53,80.62
54,80.7
55,80.8
56,80.87
57,81.35
58,81.48
59,81.37
60,81.49
61,81.36
62,81.36
63,81.45
64,81.41
65,81.4
66,81.23
67,81.13
68,81.23
69,81.34
70,81.43
71,81.28
72,81.32
73,81.38
74,81.28
75,81.14
76,81.24
77,81.16
78,81.16
79,81.39
80,81.34
