Epoch,Accuracy
1,28.07
2,34.5
3,46.31
4,44.59
5,58.24
6,62.16
7,65.29
8,68.59
9,67.14
10,66.68
11,68.14
12,67.43
13,69.11
14,69.54
15,71.5
16,71.95
17,73.16
18,72.92
19,73.23
20,72.87
21,73.71
22,74.05
23,75.18
24,75.65
25,76.53
26,76.46
27,76.85
28,76.78
29,77.1
30,77.12
31,77.05
32,77.19
33,77.34
34,77.42
35,77.58
36,77.52
37,77.74
38,77.73
39,77.76
40,77.86
41,77.82
42,78.0
43,78.1
44,78.15
45,78.25
46,78.2
47,78.23
48,78.22
49,78.17
50,78.6
51,78.64
52,78.64
53,78.59
54,78.65
55,78.65
56,78.51
57,78.97
58,78.99
59,78.85
60,78.98
61,78.9
62,79.32
63,79.18
64,79.25
65,79.41
66,79.33
67,79.37
68,79.45
69,79.43
70,79.36
71,79.33
72,79.48
73,79.34
74,79.22
75,79.13
76,79.02
77,78.87
78,79.34
79,79.28
80,79.31
