Epoch,Accuracy
1,21.19
2,28.51
3,35.51
4,46.35
5,54.96
6,54.79
7,60.0
8,61.04
9,60.22
10,62.91
11,62.07
12,63.94
13,63.35
14,66.11
15,69.43
16,69.2
17,69.96
18,70.09
19,69.9
20,69.97
21,69.85
22,71.74
23,71.65
24,71.55
25,72.69
26,72.82
27,72.82
28,72.76
29,72.81
30,73.13
31,73.09
32,73.12
33,73.45
34,73.48
35,73.48
36,73.67
37,73.65
38,73.67
39,73.74
40,73.71
41,73.72
42,73.79
43,73.96
44,74.16
45,74.26
46,74.19
47,74.27
48,74.37
49,74.45
50,74.53
51,74.5
52,74.55
53,74.53
54,74.47
55,74.81
56,75.12
57,75.42
58,75.26
59,75.1
60,75.05
61,75.38
62,75.26
63,75.31
64,75.3
65,75.27
66,75.14
67,75.27
68,75.38
69,75.42
70,75.36
71,75.37
72,75.29
73,75.22
74,75.27
75,75.46
76,75.43
77,75.32
78,75.42
79,75.36
80,75.21
