Epoch,Accuracy
1,31.57
2,39.31
3,48.67
4,55.73
5,58.5
6,66.38
7,71.21
8,72.94
9,73.97
10,75.0
11,76.0
12,77.0
13,77.6
14,78.01
15,78.84
16,79.67
17,79.73
18,80.5
19,81.16
20,81.95
21,81.24
22,82.06
23,81.76
24,81.77
25,81.73
26,82.01
27,82.09
28,82.37
29,82.65
30,82.63
31,82.93
32,82.92
33,82.85
34,83.32
35,83.36
36,83.31
37,83.45
38,83.81
39,83.76
40,84.06
41,84.25
42,84.43
43,84.44
44,84.61
45,84.62
46,84.67
47,85.02
48,85.13
49,85.27
50,85.27
51,85.42
52,85.58
53,85.83
54,85.8
55,85.96
56,86.01
57,86.42
58,86.35
59,86.27
60,86.16
61,86.25
62,86.38
63,86.26
64,86.15
65,86.42
66,86.46
67,86.33
68,86.42
69,86.27
70,86.19
71,86.43
72,86.39
73,86.43
74,86.4
75,86.24
76,86.16
77,86.09
78,86.12
79,86.13
80,86.15
