Epoch,Accuracy
1,20.9
2,26.27
3,27.11
4,32.23
5,39.34
6,57.69
7,54.47
8,63.53
9,60.02
10,58.0
11,64.85
12,66.61
13,66.41
14,67.2
15,66.93
16,65.44
17,66.56
18,68.6
19,67.91
20,66.49
21,64.64
22,66.98
23,71.53
24,71.92
25,71.39
26,72.98
27,71.94
28,70.53
29,72.72
30,71.3
31,69.83
32,68.71
33,68.63
34,73.2
35,71.79
36,70.86
37,69.98
38,71.44
39,72.19
40,71.56
41,73.04
42,72.47
43,72.17
44,74.04
45,72.95
46,73.23
47,72.21
48,70.88
49,73.54
50,72.92
51,71.71
52,73.54
53,72.08
54,74.57
55,74.29
56,75.62
57,75.41
58,74.89
59,75.61
60,75.06
61,74.82
62,75.71
63,75.36
64,74.7
65,75.6
66,75.34
67,75.52
68,75.2
69,75.51
70,74.77
71,73.91
72,74.69
73,74.85
74,74.94
75,74.06
76,74.53
77,73.87
78,74.3
79,74.52
80,74.7
