Epoch,Accuracy
1,32.9
2,32.94
3,37.05
4,46.54
5,47.25
6,58.86
7,68.66
8,70.06
9,69.7
10,69.64
11,70.75
12,75.95
13,76.08
14,75.04
15,75.66
16,77.21
17,76.61
18,77.77
19,77.11
20,78.27
21,77.97
22,77.28
23,79.13
24,78.88
25,80.13
26,80.87
27,80.23
28,80.85
29,80.65
30,80.59
31,80.76
32,81.18
33,80.51
34,80.62
35,81.3
36,81.39
37,81.12
38,81.78
39,81.5
40,81.55
41,81.41
42,81.23
43,82.01
44,81.91
45,82.04
46,81.42
47,80.92
48,80.47
49,81.33
50,81.24
51,82.63
52,82.44
53,82.3
54,82.2
55,82.46
56,83.64
57,83.18
58,83.49
59,83.16
60,82.71
61,83.47
62,83.05
63,83.1
64,83.32
65,83.71
66,83.29
67,83.27
68,82.83
69,82.67
70,83.77
71,83.55
72,83.16
73,83.45
74,83.7
75,83.22
76,83.47
77,82.97
78,82.96
79,83.34
80,82.85
