Epoch,Accuracy
1,40.97
2,55.36
3,60.31
4,67.16
5,69.74
6,76.22
7,79.55
8,80.6
9,81.79
10,82.61
11,83.45
12,84.37
13,84.7
14,85.47
15,86.29
16,86.5
17,86.6
18,87.11
19,87.33
20,86.89
21,87.24
22,87.65
23,87.64
24,87.94
25,87.89
26,88.07
27,88.16
28,88.09
29,88.48
30,88.62
31,88.77
32,88.74
33,88.89
34,89.14
35,89.13
36,89.26
37,89.3
38,89.45
39,89.48
40,89.73
41,90.07
42,90.17
43,90.34
44,90.47
45,90.65
46,90.65
47,90.87
48,90.97
49,90.94
50,91.3
51,91.23
52,91.49
53,91.64
54,91.61
55,92.02
56,92.26
57,92.46
58,92.45
59,92.29
60,92.28
61,92.19
62,92.39
63,92.45
64,92.46
65,92.35
66,92.32
67,92.22
68,92.4
69,92.33
70,92.26
71,92.4
72,92.42
73,92.26
74,92.31
75,92.44
76,92.28
77,92.21
78,92.43
79,92.48
80,92.45
