Epoch,Accuracy
1,24.56
2,26.5
3,27.86
4,35.77
5,38.68
6,42.52
7,39.14
8,56.33
9,54.62
10,52.25
11,51.98
12,59.91
13,57.08
14,70.61
15,73.41
16,73.26
17,74.02
18,74.47
19,74.46
20,74.16
21,74.7
22,75.05
23,74.69
24,75.92
25,76.21
26,76.36
27,76.22
28,75.67
29,75.32
30,75.54
31,75.12
32,75.27
33,76.53
34,76.67
35,76.55
36,76.13
37,75.83
38,76.04
39,75.6
40,75.48
41,75.31
42,77.04
43,76.71
44,77.88
45,77.45
46,77.92
47,78.07
48,77.2
49,77.42
50,78.06
51,78.56
52,77.67
53,76.84
54,78.17
55,78.39
56,77.97
57,79.55
58,79.43
59,79.22
60,79.33
61,79.21
62,78.46
63,79.29
64,79.26
65,79.36
66,79.05
67,78.62
68,78.75
69,78.51
70,78.29
71,79.67
72,79.66
73,79.59
74,79.36
75,78.7
76,78.63
77,79.65
78,79.39
79,79.01
80,78.71
