Epoch,Accuracy
1,26.93
2,38.93
3,46.79
4,50.04
5,55.82
6,58.88
7,61.43
8,62.69
9,63.96
10,64.96
11,65.98
12,66.98
13,67.43
14,68.24
15,67.84
16,68.78
17,68.69
18,68.82
19,69.37
20,69.0
21,69.28
22,69.77
23,70.5
24,70.33
25,70.19
26,70.15
27,70.13
28,70.19
29,70.45
30,70.54
31,70.5
32,70.63
33,70.67
34,70.65
35,70.64
36,70.84
37,70.9
38,70.85
39,70.83
40,70.95
41,70.92
42,71.6
43,71.72
44,71.89
45,71.93
46,72.09
47,72.19
48,72.21
49,72.14
50,72.46
51,72.57
52,72.54
53,72.73
54,73.34
55,73.35
56,73.19
57,73.15
58,73.17
59,73.32
60,73.38
61,73.22
62,73.36
63,73.31
64,73.37
65,73.24
66,73.15
67,73.23
68,73.21
69,73.33
70,73.39
71,73.34
72,73.27
73,73.11
74,73.02
75,73.13
76,73.15
77,73.11
78,73.17
79,73.14
80,73.15
