Epoch,Accuracy
1,22.32
2,35.01
3,46.79
4,61.08
5,64.79
6,68.78
7,70.68
8,72.71
9,73.89
10,74.92
11,75.95
12,76.95
13,77.91
14,77.97
15,78.58
16,78.93
17,78.33
18,78.58
19,79.38
20,79.19
21,80.06
22,79.97
23,80.91
24,80.61
25,80.44
26,80.27
27,80.23
28,80.32
29,80.4
30,80.41
31,80.45
32,80.53
33,80.72
34,80.83
35,80.8
36,81.12
37,81.19
38,81.32
39,81.26
40,81.47
41,81.47
42,81.67
43,81.67
44,81.75
45,81.9
46,81.94
47,82.06
48,82.15
49,82.29
50,82.24
51,82.35
52,82.62
53,82.56
54,82.65
55,83.18
56,83.38
57,83.28
58,83.35
59,83.2
60,83.27
61,83.21
62,83.35
63,83.36
64,83.2
65,83.29
66,83.19
67,83.02
68,83.08
69,83.29
70,83.23
71,83.08
72,83.27
73,83.15
74,83.35
75,83.21
76,83.23
77,83.33
78,83.25
79,83.28
80,83.31