Epoch,Accuracy
1,27.48
2,39.03
3,45.18
4,56.91
5,61.36
6,65.02
7,66.75
8,68.04
9,69.39
10,71.64
11,72.75
12,73.92
13,74.46
14,75.42
15,75.28
16,75.3
17,76.14
18,75.64
19,76.41
20,77.13
21,77.0
22,76.54
23,76.89
24,76.83
25,76.76
26,76.94
27,76.94
28,76.93
29,76.94
30,76.92
31,77.16
32,77.16
33,77.25
34,77.2
35,77.18
36,77.23
37,77.3
38,77.25
39,77.19
40,77.32
41,77.45
42,77.52
43,77.49
44,77.5
45,77.58
46,77.57
47,77.72
48,77.7
49,77.69
50,77.8
51,77.77
52,77.86
53,77.78
54,77.81
55,78.17
56,78.31
57,78.27
58,78.27
59,78.15
60,78.16
61,78.03
62,78.04
63,78.19
64,78.35
65,78.2
66,78.28
67,78.33
68,78.25
69,78.24
70,78.25
71,78.28
72,78.12
73,78.0
74,78.27
75,78.12
76,78.2
77,78.2
78,78.27
79,78.25
80,78.26