Epoch,Accuracy
1,10.7
2,10.86
3,20.77
4,21.5
5,42.62
6,38.0
7,51.69
8,52.92
9,49.5
10,54.78
11,55.15
12,56.81
13,53.4
14,53.57
15,56.3
16,59.8
17,60.0
18,59.52
19,59.05
20,59.84
21,60.71
22,60.62
23,60.97
24,61.65
25,61.76
26,61.17
27,60.82
28,61.77
29,62.0
30,62.72
31,62.87
32,63.03
33,63.46
34,62.77
35,62.08
36,62.13
37,63.24
38,63.4
39,63.32
40,63.42
41,63.81
42,63.02
43,63.6
44,64.15
45,63.96
46,64.22
47,63.73
48,64.13
49,64.14
50,64.51
51,64.29
52,64.18
53,63.54
54,63.19
55,63.74
56,63.66
57,64.13
58,65.24
59,65.3
60,64.83
61,64.75
62,64.43
63,64.85
64,64.77
65,64.83
66,64.89
67,65.37
68,65.08
69,65.35
70,65.03
71,65.55
72,65.38
73,65.02
74,65.15
75,64.93
76,64.53
77,64.1
78,64.75
79,64.68
80,64.3
