Epoch,Accuracy
1,21.06
2,33.03
3,43.83
4,50.54
5,51.06
6,60.05
7,56.15
8,63.23
9,63.8
10,67.11
11,67.04
12,64.75
13,69.97
14,69.61
15,68.88
16,70.63
17,71.22
18,70.84
19,72.3
20,71.38
21,71.02
22,72.76
23,73.97
24,73.98
25,74.09
26,74.89
27,75.01
28,74.84
29,75.19
30,75.13
31,75.11
32,75.17
33,75.37
34,75.18
35,75.48
36,75.66
37,75.53
38,75.36
39,75.58
40,75.93
41,75.93
42,75.84
43,76.12
44,75.97
45,76.18
46,76.03
47,75.97
48,76.46
49,76.52
50,76.33
51,76.31
52,76.32
53,76.44
54,76.31
55,76.66
56,77.36
57,77.46
58,77.43
59,77.44
60,77.41
61,77.45
62,77.43
63,77.42
64,77.37
65,77.38
66,77.3
67,77.35
68,77.43
69,77.4
70,77.41
71,77.41
72,77.32
73,77.24
74,77.36
75,77.29
76,77.34
77,77.25
78,77.43
79,77.44
80,77.44
