Epoch,Accuracy
1,11.74
2,21.95
3,37.44
4,41.48
5,38.95
6,49.47
7,53.75
8,50.26
9,48.72
10,44.38
11,57.37
12,55.99
13,61.75
14,62.56
15,62.23
16,61.27
17,61.75
18,63.31
19,61.99
20,60.51
21,59.54
22,62.07
23,61.71
24,62.01
25,62.93
26,61.56
27,65.33
28,65.54
29,65.9
30,65.83
31,64.82
32,64.21
33,63.89
34,65.36
35,65.45
36,64.06
37,66.62
38,65.6
39,65.43
40,65.83
41,65.16
42,66.63
43,65.9
44,66.66
45,66.2
46,66.49
47,65.46
48,66.83
49,66.26
50,66.53
51,66.97
52,67.52
53,66.55
54,67.05
55,66.22
56,68.43
57,67.77
58,66.94
59,66.91
60,67.63
61,67.43
62,67.8
63,68.45
64,67.73
65,68.59
66,68.45
67,67.61
68,68.4
69,68.0
70,68.15
71,67.61
72,68.01
73,67.44
74,67.51
75,68.77
76,67.91
77,68.38
78,67.39
79,68.3
80,67.96
