Epoch,Accuracy
1,19.08
2,34.22
3,41.37
4,36.96
5,46.34
6,48.21
7,49.97
8,62.67
9,60.35
10,60.77
11,64.05
12,64.82
13,65.38
14,64.4
15,69.2
16,71.62
17,70.78
18,71.5
19,71.31
20,71.38
21,71.02
22,70.96
23,73.5
24,74.31
25,74.31
26,73.66
27,73.62
28,74.33
29,75.16
30,74.58
31,75.29
32,74.51
33,74.05
34,75.46
35,75.31
36,74.65
37,75.66
38,75.56
39,75.54
40,75.64
41,75.74
42,75.19
43,75.91
44,76.09
45,75.38
46,75.2
47,74.79
48,76.03
49,76.13
50,76.57
51,76.31
52,76.12
53,75.14
54,75.34
55,76.82
56,77.43
57,76.83
58,77.67
59,77.51
60,77.18
61,77.4
62,77.06
63,77.09
64,76.44
65,75.84
66,77.22
67,76.8
68,76.19
69,77.14
70,77.08
71,77.38
72,77.57
73,77.5
74,77.33
75,77.11
76,77.75
77,77.24
78,77.36
79,76.98
80,76.9
