Epoch,Accuracy
1,27.56
2,43.04
3,52.04
4,53.3
5,52.75
6,63.28
7,70.87
8,70.74
9,71.4
10,71.35
11,72.86
12,76.22
13,76.55
14,77.45
15,78.14
16,77.86
17,79.4
18,79.23
19,79.02
20,80.3
21,80.63
22,80.53
23,80.79
24,80.74
25,81.5
26,81.49
27,81.97
28,81.97
29,82.15
30,82.13
31,82.19
32,82.33
33,82.46
34,82.4
35,82.38
36,82.53
37,82.5
38,82.63
39,82.71
40,82.76
41,82.97
42,83.04
43,83.0
44,82.99
45,83.23
46,83.34
47,83.37
48,83.48
49,83.55
50,83.55
51,83.63
52,83.61
53,83.83
54,83.79
55,83.91
56,84.23
57,84.22
58,84.18
59,84.25
60,84.49
61,84.47
62,84.4
63,84.27
64,84.28
65,84.31
66,84.39
67,84.26
68,84.21
69,84.29
70,84.48
71,84.47
72,84.47
73,84.49
74,84.35
75,84.21
76,84.06
77,84.08
78,83.97
79,84.14
80,84.15