Epoch,Accuracy
1,14.92
2,15.41
3,34.4
4,26.0
5,46.92
6,44.94
7,42.28
8,62.65
9,61.82
10,61.43
11,61.08
12,65.15
13,66.88
14,66.89
15,67.47
16,68.08
17,67.77
18,65.93
19,64.76
20,66.2
21,68.27
22,69.68
23,69.14
24,68.29
25,69.78
26,70.84
27,70.32
28,70.32
29,69.7
30,68.8
31,70.08
32,70.89
33,70.77
34,70.84
35,70.97
36,70.12
37,70.82
38,70.55
39,69.2
40,68.1
41,68.03
42,66.92
43,69.1
44,69.3
45,71.15
46,72.29
47,72.16
48,71.18
49,71.48
50,72.07
51,72.3
52,71.08
53,72.72
54,71.88
55,71.47
56,70.49
57,72.74
58,73.21
59,73.51
60,72.91
61,72.86
62,73.2
63,73.74
64,72.89
65,72.15
66,72.84
67,72.12
68,72.02
69,73.65
70,72.83
71,73.27
72,73.08
73,72.5
74,72.72
75,73.25
76,73.52
77,73.33
78,72.82
79,73.71
80,73.56
